                   Qmbar         SE      WaldT       df            p       lowerCI    upperCI
(Intercept)  0.088403343 0.02527655  3.4974452 84.00551 0.0007534436  0.0463635023 0.13044318
BodyN        0.852266904 0.02932151 29.0662709 84.00551 0.0000000000  0.8034995044 0.90103430
Play2        0.008320531 0.01219184  0.6824669 84.00551 0.4968213733 -0.0119568895 0.02859795
Play3        0.007410701 0.01123959  0.6593392 84.00551 0.5114813993 -0.0112829297 0.02610433
regime1      0.047580290 0.02336379  2.0364972 84.00551 0.0448500628  0.0087217431 0.08643884
regime2     -0.009856109 0.01679413 -0.5868781 84.00551 0.5588595342 -0.0377880378 0.01807582
regime3     -0.001778241 0.01279914 -0.1389344 84.00551 0.8898345491 -0.0230657154 0.01950923
regime4      0.027694753 0.01644273  1.6843162 84.00551 0.0958328235  0.0003472825 0.05504222
regime5      0.020713231 0.01896323  1.0922839 84.00551 0.2778309924 -0.0108263269 0.05225279
regime6     -0.007241643 0.01705519 -0.4246004 84.00551 0.6722134706 -0.0356077645 0.02112448
regime7      0.007642638 0.01618732  0.4721374 84.00551 0.6380529256 -0.0192800373 0.03456531
regime8     -0.003384085 0.01563548 -0.2164363 84.00551 0.8291723849 -0.0293889396 0.02262077
regime9     -0.012266281 0.02163748 -0.5668998 84.00551 0.5722939307 -0.0482536347 0.02372107
[1] "Mean H"
[1] 0.9740025
[1] "Mean DIC"
[1] -795.8669
