                                                   Qmbar           SE        WaldT       df         p       lowerCI      upperCI
(Intercept)                                -9.300774e-02 0.2999764205 -0.310050159 4.445496 0.7705223 -0.7145350507 0.5285195767
Functional.head.size                        1.488673e-04 0.0001324702  1.123779513 4.445496 0.3181000 -0.0001256004 0.0004233351
Sound.localization.threshold               -6.705939e-05 0.0017762460 -0.037753435 4.445496 0.9715199 -0.0037473000 0.0036131812
Lowest.audible.frequency.at.60.dB.SPL.kHz   3.776554e-02 0.0476056752  0.793299028 4.445496 0.4678065 -0.0608696415 0.1364007133
Highest.Audible.Frequency.at.60.dB.SPL.kHz  4.427748e-03 0.0025998951  1.703048845 4.445496 0.1565562 -0.0009590278 0.0098145246
best.frequency.kHz                          4.270719e-05 0.0088189378  0.004842668 4.445496 0.9963458 -0.0182294313 0.0183148457
best.sensitivity.dB                         4.215259e-03 0.0062444104  0.675045097 4.445496 0.5331419 -0.0087226637 0.0171531809
[1] "Mean H"
[1] 0.8452712
[1] "Mean DIC"
[1] 121.4019
