                        Qmbar         SE      WaldT       df            p     lowerCI      upperCI
(Intercept)       0.085556943 0.02482960  3.4457640 152.9354 0.0007352921  0.04446698  0.126646905
BodyN             0.837521851 0.04562899 18.3550392 152.9354 0.0000000000  0.76201144  0.913032263
FMR.Riek          0.035880763 0.04087366  0.8778455 152.9354 0.3814045352 -0.03176017  0.103521692
regime1           0.232861348 0.10472280  2.2235974 152.9354 0.0276413147  0.05955788  0.406164822
regime2           0.186311723 0.12161429  1.5319887 152.9354 0.1275911873 -0.01494511  0.387568554
regime3           0.028577004 0.04728234  0.6043907 152.9354 0.5464794962 -0.04966950  0.106823506
regime4           0.020987652 0.04145505  0.5062749 152.9354 0.6133926961 -0.04761540  0.089590702
regime5           0.137978270 0.11084396  1.2447973 152.9354 0.2151103680 -0.04545498  0.321411518
regime6          -0.067563259 0.08876259 -0.7611682 152.9354 0.4477286905 -0.21445453  0.079328008
regime7          -0.005288815 0.05389074 -0.0981396 152.9354 0.9219499520 -0.09447141  0.083893783
regime8           0.028133799 0.07374946  0.3814780 152.9354 0.7033780401 -0.09391257  0.150180168
regime9          -0.053699052 0.07367861 -0.7288283 152.9354 0.4672213151 -0.17562816  0.068230059
FMR.Riek:regime1 -0.385713879 0.21392548 -1.8030291 152.9354 0.0733523768 -0.73973447 -0.031693283
FMR.Riek:regime2 -0.272591868 0.16726894 -1.6296622 152.9354 0.1052308751 -0.54940157  0.004217832
FMR.Riek:regime3 -0.054628593 0.07522399 -0.7262124 152.9354 0.4688185489 -0.17911513  0.069857942
FMR.Riek:regime4  0.016800147 0.08930408  0.1881230 152.9354 0.8510296434 -0.13098721  0.164587508
FMR.Riek:regime5 -0.133897484 0.12245048 -1.0934827 152.9354 0.2759012812 -0.33653811  0.068743140
FMR.Riek:regime6  0.085609307 0.12523922  0.6835663 152.9354 0.4952834235 -0.12164633  0.292864945
FMR.Riek:regime7  0.009607089 0.09472825  0.1014174 152.9354 0.9193519905 -0.14715661  0.166370789
FMR.Riek:regime8 -0.042830342 0.09354584 -0.4578540 152.9354 0.6477071490 -0.19763731  0.111976625
FMR.Riek:regime9  0.138321826 0.22686699  0.6097045 152.9354 0.5429623617 -0.23711539  0.513759040
[1] "Mean H"
[1] 0.9729507
[1] "Mean DIC"
[1] -785.1743
