                   Qmbar         SE     WaldT       df            p    lowerCI   upperCI
(Intercept)   0.09245185 0.02476380  3.733347 162.9901 0.0002607493 0.05148619 0.1334175
BodyN:regime0 0.86302815 0.03082719 27.995684 162.9901 0.0000000000 0.81203209 0.9140242
BodyN:regime1 0.91740212 0.04941533 18.565134 162.9901 0.0000000000 0.83565652 0.9991477
BodyN:regime2 0.84197989 0.02889251 29.141802 162.9901 0.0000000000 0.79418427 0.8897755
BodyN:regime3 0.85103407 0.02696862 31.556457 162.9901 0.0000000000 0.80642107 0.8956471
BodyN:regime4 0.91030394 0.04293863 21.200116 162.9901 0.0000000000 0.83927245 0.9813354
BodyN:regime5 0.87839135 0.02492301 35.244196 162.9901 0.0000000000 0.83716231 0.9196204
BodyN:regime6 0.85011696 0.03234223 26.285045 162.9901 0.0000000000 0.79661463 0.9036193
BodyN:regime7 0.84455964 0.03642739 23.184742 162.9901 0.0000000000 0.78429940 0.9048199
BodyN:regime8 0.85275669 0.02811108 30.335254 162.9901 0.0000000000 0.80625377 0.8992596
BodyN:regime9 0.82471039 0.06585569 12.522994 162.9901 0.0000000000 0.71576821 0.9336526
[1] "Mean H"
[1] 0.9741381
[1] "Mean DIC"
[1] -791.02
