                       Qmbar          SE       WaldT       df            p     lowerCI     upperCI
(Intercept)      0.091355535 0.025752220  3.54748200 150.9689 0.0005185222  0.04873537 0.133975703
BodyN            0.850473066 0.030174548 28.18511372 150.9689 0.0000000000  0.80053390 0.900412230
Status2         -0.003041032 0.007496244 -0.40567417 150.9689 0.6855563831 -0.01544739 0.009365322
Status3          0.026165523 0.044601347  0.58665319 150.9689 0.5583128569 -0.04765013 0.099981175
regime1          0.030272137 0.033011586  0.91701555 150.9689 0.3605970864 -0.02436235 0.084906625
regime2         -0.030021967 0.029411460 -1.02075747 150.9689 0.3090023135 -0.07869821 0.018654278
regime3         -0.004382036 0.015573854 -0.28137131 150.9689 0.7788109067 -0.03015691 0.021392841
regime4          0.019138428 0.019524098  0.98024646 150.9689 0.3285327256 -0.01317414 0.051450996
regime5          0.010518753 0.020777863  0.50624808 150.9689 0.6134209963 -0.02386881 0.044906314
regime6         -0.003788511 0.017620973 -0.21500012 150.9689 0.8300573855 -0.03295139 0.025374366
regime7          0.008835300 0.017983250  0.49130721 150.9689 0.6239226742 -0.02092715 0.038597750
regime8         -0.016232142 0.019356748 -0.83857792 150.9689 0.4030319924 -0.04826774 0.015803460
regime9         -0.011194469 0.022084969 -0.50688180 150.9689 0.6129773089 -0.04774530 0.025356365
Status2:regime1  0.030034467 0.030721946  0.97762254 150.9689 0.3298250155 -0.02081065 0.080879580
Status2:regime2  0.023997294 0.027925263  0.85933993 150.9689 0.3915154624 -0.02221928 0.070213869
Status2:regime3  0.006083077 0.014442494  0.42119298 150.9689 0.6742132126 -0.01781939 0.029985542
Status2:regime4  0.018098184 0.019762983  0.91576174 150.9689 0.3612523277 -0.01460974 0.050806109
Status2:regime5  0.018575659 0.024392072  0.76154495 150.9689 0.4475196337 -0.02179345 0.058944770
Status3:regime5  0.049716540 0.067141709  0.74047178 150.9689 0.4601638456 -0.06140362 0.160836706
Status2:regime6 -0.023781338 0.021790342 -1.09137058 150.9689 0.2768485577 -0.05984456 0.012281884
Status2:regime7 -0.004095441 0.019931685 -0.20547390 150.9689 0.8374786920 -0.03708257 0.028891686
Status3:regime7 -0.003279321 0.060722583 -0.05400496 150.9689 0.9570026087 -0.10377577 0.097217131
Status2:regime8  0.018781036 0.018919763  0.99266762 150.9689 0.3224603272 -0.01253135 0.050093424
[1] "Mean H"
[1] 0.973532
[1] "Mean DIC"
[1] -783.3953
