                    Qmbar         SE       WaldT       df            p       lowerCI    upperCI
(Intercept)  0.0923855874 0.02491770  3.70762901 90.82444 0.0003596222  0.0509772491 0.13379393
BodyN        0.8529457005 0.05936952 14.36672643 90.82444 0.0000000000  0.7542851777 0.95160622
FMR.Riek    -0.0013234871 0.05493392 -0.02409235 90.82444 0.9808318025 -0.0926129101 0.08996594
regime1      0.0500193716 0.02327295  2.14924907 90.82444 0.0342734831  0.0113442815 0.08869446
regime2     -0.0076894245 0.01679972 -0.45771158 90.82444 0.6482527758 -0.0356072631 0.02022841
regime3     -0.0002599826 0.01274233 -0.02040306 90.82444 0.9837666002 -0.0214352439 0.02091528
regime4      0.0283272638 0.01647871  1.71902229 90.82444 0.0890169495  0.0009428802 0.05571165
regime5      0.0231249125 0.01870562  1.23625452 90.82444 0.2195515416 -0.0079601722 0.05421000
regime6     -0.0053275939 0.01660769 -0.32079081 90.82444 0.7491058728 -0.0329263207 0.02227113
regime7      0.0071969741 0.01611314  0.44665244 90.82444 0.6561892172 -0.0195799123 0.03397386
regime8     -0.0030132154 0.01552308 -0.19411199 90.82444 0.8465216897 -0.0288095299 0.02278310
regime9     -0.0093034673 0.02169046 -0.42891975 90.82444 0.6689972730 -0.0453487671 0.02674183
[1] "Mean H"
[1] 0.9751324
[1] "Mean DIC"
[1] -798.5487
