                    Qmbar         SE       WaldT       df           p      lowerCI    upperCI
(Intercept)  0.0909885339 0.02780602  3.27225968 102.3572 0.001455093  0.044833956 0.13714311
BodyN        0.8534831181 0.03304709 25.82627451 102.3572 0.000000000  0.798629024 0.90833721
Torpor1      0.0017063037 0.01135253  0.15030166 102.3572 0.880822406 -0.017137493 0.02055010
regime1      0.0495111591 0.02324266  2.13018434 102.3572 0.035552870  0.010931198 0.08809112
regime2     -0.0085083963 0.01681599 -0.50597067 102.3572 0.613965223 -0.036420865 0.01940407
regime3     -0.0002396662 0.01279450 -0.01873196 102.3572 0.985091395 -0.021476968 0.02099764
regime4      0.0288097023 0.01647361  1.74883935 102.3572 0.083316583  0.001465533 0.05615387
regime5      0.0230605911 0.01873138  1.23112065 102.3572 0.221099052 -0.008031197 0.05415238
regime6     -0.0059627206 0.01664203 -0.35829282 102.3572 0.720862063 -0.033586445 0.02166100
regime7      0.0074744258 0.01617710  0.46203732 102.3572 0.645035115 -0.019377575 0.03432643
regime8     -0.0023457633 0.01563150 -0.15006639 102.3572 0.881007550 -0.028292135 0.02360061
regime9     -0.0107648208 0.02148591 -0.50101774 102.3572 0.617434377 -0.046428782 0.02489914
[1] "Mean H"
[1] 0.9746336
[1] "Mean DIC"
[1] -796.6361
