                        Qmbar          SE       WaldT       df           p      lowerCI      upperCI
(Intercept)      0.0870675112 0.025168893  3.45933012 154.9708 0.000699527  0.045419394  0.128715628
BodyN            0.8658596909 0.031056551 27.88009780 154.9708 0.000000000  0.814468998  0.917250384
Torpor1          0.0055413396 0.008777315  0.63132513 154.9708 0.528758048 -0.008982885  0.020065564
regime1          0.0239435799 0.027357195  0.87522057 154.9708 0.382808371 -0.021325620  0.069212780
regime2         -0.0247181467 0.021542075 -1.14743574 154.9708 0.252969904 -0.060364801  0.010928508
regime3          0.0057542449 0.013478092  0.42693320 154.9708 0.670020522 -0.016548569  0.028057059
regime4          0.0223747107 0.017298271  1.29346512 154.9708 0.197774899 -0.006249529  0.050998950
regime5          0.0228280832 0.018241466  1.25143906 154.9708 0.212660101 -0.007356903  0.053013070
regime6         -0.0043804158 0.016905764 -0.25910783 154.9708 0.795895906 -0.032355156  0.023594324
regime7         -0.0361441467 0.020819269 -1.73609109 154.9708 0.084535196 -0.070594741 -0.001693553
regime8          0.0008418703 0.015292321  0.05505183 154.9708 0.956168080 -0.024463031  0.026146771
regime9         -0.0076724885 0.024662665 -0.31109730 154.9708 0.756144722 -0.048482926  0.033137949
Torpor1:regime1  0.0033258167 0.051013742  0.06519453 154.9708 0.948103145 -0.081088951  0.087740585
Torpor1:regime2  0.0281065097 0.026440043  1.06302814 154.9708 0.289422865 -0.015645037  0.071858056
Torpor1:regime3 -0.0198348692 0.021856383 -0.90750923 154.9708 0.365546578 -0.056001623  0.016331885
Torpor1:regime4  0.0283504707 0.018317599  1.54771761 154.9708 0.123730032 -0.001960497  0.058661438
Torpor1:regime6 -0.0015313718 0.020746554 -0.07381331 154.9708 0.941254127 -0.035861641  0.032798898
Torpor1:regime7  0.0719153309 0.023806435  3.02083576 154.9708 0.002949496  0.032521736  0.111308926
Torpor1:regime9 -0.0083433871 0.027546143 -0.30288767 154.9708 0.762381661 -0.053925247  0.037238473
[1] "Mean H"
[1] 0.9736552
[1] "Mean DIC"
[1] -801.9896
