                   Qmbar          SE       WaldT       df           p      lowerCI    upperCI
(Intercept)  0.069499972 0.032455368  2.14140144 160.9796 0.033746259  0.015806646 0.12319330
BodyN        0.849975376 0.028448043 29.87816672 160.9796 0.000000000  0.802911666 0.89703909
Origin2      0.020408826 0.006732746  3.03127842 160.9796 0.002838628  0.009270345 0.03154731
Origin3      0.041017954 0.037933045  1.08132511 160.9796 0.281169738 -0.021737499 0.10377341
regime1      0.059578553 0.022943589  2.59674073 160.9796 0.010282742  0.021621269 0.09753584
regime2     -0.001025396 0.016559390 -0.06192233 160.9796 0.950701498 -0.028420824 0.02637003
regime3      0.002585578 0.012545103  0.20610255 160.9796 0.836971236 -0.018168718 0.02333987
regime4      0.022488050 0.016231364  1.38546894 160.9796 0.167825741 -0.004364700 0.04934080
regime5      0.027824704 0.018384237  1.51350876 160.9796 0.132111318 -0.002589705 0.05823911
regime6     -0.001789751 0.016361355 -0.10938894 160.9796 0.913030244 -0.028857556 0.02527805
regime7      0.011685447 0.015663429  0.74603379 160.9796 0.456735029 -0.014227726 0.03759862
regime8     -0.005635117 0.015234319 -0.36989624 160.9796 0.711945974 -0.030838383 0.01956815
regime9     -0.010622521 0.021138088 -0.50252986 160.9796 0.615981611 -0.045592830 0.02434779
[1] "Mean H"
[1] 0.9769131
[1] "Mean DIC"
[1] -811.7086
