                        Qmbar         SE       WaldT       df          p      lowerCI     upperCI
(Intercept)      0.0662312053 0.03366007  1.96764917 153.9628 0.05090510  0.010530161 0.121932250
BodyN            0.8529222409 0.02911611 29.29382757 153.9628 0.00000000  0.804740591 0.901103891
Origin2          0.0277904291 0.01084944  2.56146293 153.9628 0.01138390  0.009836665 0.045744194
Origin3          0.0446715169 0.03993472  1.11861361 153.9628 0.26504727 -0.021412883 0.110755916
regime1          0.0614931140 0.02444026  2.51605794 153.9628 0.01289241  0.021049105 0.101937123
regime2         -0.0003979154 0.01709421 -0.02327779 153.9628 0.98145883 -0.028685603 0.027889772
regime3          0.0037289458 0.01552781  0.24014622 153.9628 0.81053635 -0.021966648 0.029424540
regime4          0.0488312593 0.03117090  1.56656537 153.9628 0.11926934 -0.002750690 0.100413209
regime5          0.0289512303 0.01873944  1.54493604 153.9628 0.12441471 -0.002058991 0.059961452
regime6          0.0007619827 0.01702917  0.04474574 153.9628 0.96436795 -0.027418066 0.028942031
regime7          0.0084434381 0.02014980  0.41903336 153.9628 0.67577577 -0.024900668 0.041787544
regime8          0.0053042498 0.01745327  0.30391152 153.9628 0.76160563 -0.023577609 0.034186109
regime9         -0.0115896305 0.02180919 -0.53141032 153.9628 0.59590032 -0.047679720 0.024500459
Origin2:regime3 -0.0033098763 0.01970936 -0.16793423 153.9628 0.86685541 -0.035925139 0.029305386
Origin3:regime3 -0.0112940626 0.03329519 -0.33921001 153.9628 0.73491376 -0.066391306 0.043803181
Origin2:regime4 -0.0333699311 0.03179486 -1.04953870 153.9628 0.29557491 -0.085984401 0.019244539
Origin3:regime4 -0.0354132057 0.03993314 -0.88681237 153.9628 0.37656306 -0.101495003 0.030668592
Origin2:regime6 -0.0173749870 0.02529301 -0.68694821 153.9628 0.49314876 -0.059230131 0.024480157
Origin2:regime7  0.0075354039 0.02204454  0.34182628 153.9628 0.73294775 -0.028944143 0.044014951
Origin2:regime8 -0.0292119318 0.02015442 -1.44940576 153.9628 0.14925813 -0.062563683 0.004139819
[1] "Mean H"
[1] 0.978528
[1] "Mean DIC"
[1] -813.0775
