                                     Qmbar         SE       WaldT       df            p      lowerCI     upperCI
Intercept                     -2.125347167 0.19469815 -10.9161141 39.75182 1.576517e-13 -2.453238365 -1.79745597
Diurnal                        0.036561480 0.08135523   0.4494054 39.75182 6.555801e-01 -0.100448878  0.17357184
Crepuscular                   -0.048368806 0.03770727  -1.2827449 39.75182 2.070107e-01 -0.111871625  0.01513401
Shelter Safety - intermediate  0.035375242 0.04090660   0.8647807 39.75182 3.923480e-01 -0.033515581  0.10426606
Shelter Safety - open          0.046518696 0.06574976   0.7075113 39.75182 4.833764e-01 -0.064210484  0.15724788
Terrestrial                   -0.048024238 0.04433960  -1.0831003 39.75182 2.852901e-01 -0.122696574  0.02664810
Diet - 2                       0.053073533 0.06404803   0.8286521 39.75182 4.122492e-01 -0.054789768  0.16093683
Diet - 3                      -0.069286339 0.06574555  -1.0538559 39.75182 2.983126e-01 -0.180008444  0.04143577
Diet - 4                      -0.029736095 0.07726973  -0.3848350 39.75182 7.024110e-01 -0.159866067  0.10039388
Home Range                     0.007945447 0.00903442   0.8794640 39.75182 3.844354e-01 -0.007269422  0.02316031
Body Size                      0.568587617 0.01771405  32.0981118 39.75182 0.000000e+00  0.538755377  0.59841986
[1] "Mean H"
[1] 0.9810269
[1] "Mean DIC"
[1] -259.4924
