                    Qmbar          SE       WaldT       df            p      lowerCI     upperCI
(Intercept)  0.0887370603 0.024954284  3.55598503 158.3208 0.0004968866  0.047449321 0.130024799
BodyN        0.8511837531 0.028964507 29.38713092 158.3208 0.0000000000  0.803260960 0.899106546
Status2      0.0006852741 0.005215994  0.13137940 158.3208 0.8956419831 -0.007944770 0.009315319
Status3      0.0380803262 0.025059398  1.51960262 158.3208 0.1306054066 -0.003381327 0.079541979
regime1      0.0512712380 0.023289347  2.20148882 158.3208 0.0291482480  0.012738195 0.089804281
regime2     -0.0098376618 0.016756858 -0.58708273 158.3208 0.5579844207 -0.037562471 0.017887148
regime3     -0.0009524347 0.012725177 -0.07484647 158.3208 0.9404313524 -0.022006687 0.020101818
regime4      0.0289831559 0.016356859  1.77192671 158.3208 0.0783302866  0.001920158 0.056046154
regime5      0.0195733435 0.018868709  1.03734405 158.3208 0.3011572939 -0.011645599 0.050792286
regime6     -0.0064232448 0.016725737 -0.38403359 158.3208 0.7014688327 -0.034096564 0.021250074
regime7      0.0062652455 0.016032009  0.39079603 158.3208 0.6964733783 -0.020260276 0.032790767
regime8     -0.0041344308 0.015501770 -0.26670701 158.3208 0.7900418184 -0.029782654 0.021513792
regime9     -0.0104334671 0.021383556 -0.48792011 158.3208 0.6262814494 -0.045813311 0.024946377
[1] "Mean H"
[1] 0.9746301
[1] "Mean DIC"
[1] -795.0109
